  1 9997 2.84604895E+01 1.00000000E+03 2.64604895E+01 1.60000000E+01
  1 10170 2.85675172E+01 1.00000000E+03 2.65675172E+01 1.60000000E+01
  1 10172 2.87038652E+01 1.00000000E+03 2.67038652E+01 1.60000000E+01
  1 10173 2.83217889E+01 1.00000000E+03 2.63217889E+01 1.60000000E+01
  1 10176 2.80468870E+01 1.00000000E+03 2.60468870E+01 1.60000000E+01
  1 10263 2.88253064E+01 1.00000000E+03 2.68253064E+01 1.60000000E+01
  1 10346 2.82218940E+01 1.00000000E+03 2.62218940E+01 1.60000000E+01
  1 10347 2.81227659E+01 1.00000000E+03 2.61227659E+01 1.60000000E+01
  1 10349 2.79422356E+01 1.00000000E+03 2.59422356E+01 1.60000000E+01
  1 10432 2.89410409E+01 1.00000000E+03 2.69410409E+01 1.60000000E+01
  1 10513 2.78577582E+01 1.00000000E+03 2.58577582E+01 1.60000000E+01
  1 10586 2.90476884E+01 1.00000000E+03 2.70476884E+01 1.60000000E+01
  1 10591 2.97416874E+01 1.00000000E+03 2.77416874E+01 1.60000000E+01
  1 10592 2.97892886E+01 1.00000000E+03 2.77892886E+01 1.60000000E+01
  1 10668 2.77137745E+01 1.00000000E+03 2.57137745E+01 1.60000000E+01
  1 10737 2.95225174E+01 1.00000000E+03 2.75225174E+01 1.60000000E+01
  1 10738 2.94216880E+01 1.00000000E+03 2.74216880E+01 1.60000000E+01
  1 10739 2.94628092E+01 1.00000000E+03 2.74628092E+01 1.60000000E+01
  1 10740 2.91379235E+01 1.00000000E+03 2.71379235E+01 1.60000000E+01
  1 10743 2.98669612E+01 1.00000000E+03 2.78669612E+01 1.60000000E+01
  1 10744 2.96801927E+01 1.00000000E+03 2.76801927E+01 1.60000000E+01
  1 10745 2.99933424E+01 1.00000000E+03 2.79933424E+01 1.60000000E+01
  1 10819 2.75721980E+01 1.00000000E+03 2.55721980E+01 1.60000000E+01
  1 10878 2.96037479E+01 1.00000000E+03 2.76037479E+01 1.60000000E+01
  1 10881 2.93553887E+01 1.00000000E+03 2.73553887E+01 1.60000000E+01
  1 10882 2.92053255E+01 1.00000000E+03 2.72053255E+01 1.60000000E+01
  1 10883 3.00715659E+01 1.00000000E+03 2.80715659E+01 1.60000000E+01
  1 10885 3.02100355E+01 1.00000000E+03 2.82100355E+01 1.60000000E+01
  1 10954 2.74284118E+01 1.00000000E+03 2.54284118E+01 1.60000000E+01
  1 11011 2.92698100E+01 1.00000000E+03 2.72698100E+01 1.60000000E+01
  1 11012 3.02979441E+01 1.00000000E+03 2.82979441E+01 1.60000000E+01
  1 11014 3.04448556E+01 1.00000000E+03 2.84448556E+01 1.60000000E+01
  1 11080 2.72829884E+01 1.00000000E+03 2.52829884E+01 1.60000000E+01
  1 11137 3.05276085E+01 1.00000000E+03 2.85276085E+01 1.60000000E+01
  1 11200 2.71416054E+01 1.00000000E+03 2.51416054E+01 1.60000000E+01
  1 11257 3.06409133E+01 1.00000000E+03 2.86409133E+01 1.60000000E+01
  1 11318 2.70114808E+01 1.00000000E+03 2.50114808E+01 1.60000000E+01
  1 11373 3.07665635E+01 1.00000000E+03 2.87665635E+01 1.60000000E+01
  1 11374 3.09281736E+01 1.00000000E+03 2.89281736E+01 1.60000000E+01
  1 11432 2.68876777E+01 1.00000000E+03 2.48876777E+01 1.60000000E+01
  1 11434 2.42566482E+01 1.00000000E+03 2.22566482E+01 1.60000000E+01
  1 11489 3.10231130E+01 1.00000000E+03 2.90231130E+01 1.60000000E+01
  1 11547 2.67750073E+01 1.00000000E+03 2.47750073E+01 1.60000000E+01
  1 11548 2.43138227E+01 1.00000000E+03 2.23138227E+01 1.60000000E+01
  1 11549 2.43788266E+01 1.00000000E+03 2.23788266E+01 1.60000000E+01
  1 11550 2.44340755E+01 1.00000000E+03 2.24340755E+01 1.60000000E+01
  1 11605 3.11407981E+01 1.00000000E+03 2.91407981E+01 1.60000000E+01
  1 11610 3.12495259E+01 1.00000000E+03 2.92495259E+01 1.60000000E+01
  1 11611 3.18026796E+01 1.00000000E+03 2.98026796E+01 1.60000000E+01
  1 11612 3.13538971E+01 1.00000000E+03 2.93538971E+01 1.60000000E+01
  1 11613 3.16966468E+01 1.00000000E+03 2.96966468E+01 1.60000000E+01
  1 11614 3.15727893E+01 1.00000000E+03 2.95727893E+01 1.60000000E+01
  1 11615 3.14620492E+01 1.00000000E+03 2.94620492E+01 1.60000000E+01
  1 11670 2.66554891E+01 1.00000000E+03 2.46554891E+01 1.60000000E+01
  1 11671 2.45363811E+01 1.00000000E+03 2.25363811E+01 1.60000000E+01
  1 11673 2.47109886E+01 1.00000000E+03 2.27109886E+01 1.60000000E+01
  1 11786 2.65080840E+01 1.00000000E+03 2.45080840E+01 1.60000000E+01
  1 11787 2.47956047E+01 1.00000000E+03 2.27956047E+01 1.60000000E+01
  1 11890 2.63529380E+01 1.00000000E+03 2.43529380E+01 1.60000000E+01
  1 11897 2.50143423E+01 1.00000000E+03 2.30143423E+01 1.60000000E+01
  1 11898 2.49095621E+01 1.00000000E+03 2.29095621E+01 1.60000000E+01
  1 12000 2.62015681E+01 1.00000000E+03 2.42015681E+01 1.60000000E+01
  1 12002 2.57131252E+01 1.00000000E+03 2.37131252E+01 1.60000000E+01
  1 12003 2.57813493E+01 1.00000000E+03 2.37813493E+01 1.60000000E+01
  1 12004 2.58938915E+01 1.00000000E+03 2.38938915E+01 1.60000000E+01
  1 12005 2.60903438E+01 1.00000000E+03 2.40903438E+01 1.60000000E+01
  1 12012 2.56122961E+01 1.00000000E+03 2.36122961E+01 1.60000000E+01
  1 12013 2.53053194E+01 1.00000000E+03 2.33053194E+01 1.60000000E+01
  1 12014 2.54387733E+01 1.00000000E+03 2.34387733E+01 1.60000000E+01
  1 12015 2.55185762E+01 1.00000000E+03 2.35185762E+01 1.60000000E+01
  1 12016 2.51011480E+01 1.00000000E+03 2.31011480E+01 1.60000000E+01
  1 12017 2.51757662E+01 1.00000000E+03 2.31757662E+01 1.60000000E+01
  1 13408 2.83995895E+01 1.00000000E+03 2.63995895E+01 1.60000000E+01
  1 13409 2.80012817E+01 1.00000000E+03 2.60012817E+01 1.60000000E+01
  1 13410 2.99420828E+01 1.00000000E+03 2.79420828E+01 1.60000000E+01
  1 13411 3.01542371E+01 1.00000000E+03 2.81542371E+01 1.60000000E+01
  1 13412 3.03862303E+01 1.00000000E+03 2.83862303E+01 1.60000000E+01
  1 13413 3.08612683E+01 1.00000000E+03 2.88612683E+01 1.60000000E+01
  1 13414 2.46442795E+01 1.00000000E+03 2.26442795E+01 1.60000000E+01
  1 13415 2.60122971E+01 1.00000000E+03 2.40122971E+01 1.60000000E+01
