  1 11730 3.18249516E+01 1.60000000E+01 westchd
  1 11843 3.18509786E+01 1.60000000E+01 westchd
  1 11956 3.18787807E+01 1.60000000E+01 westchd
  1 11957 3.19043766E+01 1.60000000E+01 westchd
  1 12074 3.19336580E+01 1.60000000E+01 westchd
  1 12180 3.19612296E+01 1.60000000E+01 westchd
  1 12285 3.19932570E+01 1.60000000E+01 westchd
  1 12387 3.20372834E+01 1.60000000E+01 westchd
  1 12483 3.20817045E+01 1.60000000E+01 westchd
  1 12576 3.21163432E+01 1.60000000E+01 westchd
  1 12663 3.21490703E+01 1.60000000E+01 westchd
  1 12664 3.21782477E+01 1.60000000E+01 westchd
  1 12746 3.22062299E+01 1.60000000E+01 westchd
  1 12823 3.22340925E+01 1.60000000E+01 westchd
  1 12825 3.22599539E+01 1.60000000E+01 westchd
  1 12826 3.22827551E+01 1.60000000E+01 westchd
  1 11433 2.42829269E+01 1.60000000E+01 eastchd
  1 11435 2.43211739E+01 1.60000000E+01 eastchd
  1 11551 2.43589575E+01 1.60000000E+01 eastchd
  1 11672 2.43942488E+01 1.60000000E+01 eastchd
  1 11788 2.44301357E+01 1.60000000E+01 eastchd
  1 11900 2.44779696E+01 1.60000000E+01 eastchd
  1 11901 2.45406780E+01 1.60000000E+01 eastchd
  1 12020 2.45916517E+01 1.60000000E+01 eastchd
  1 12130 2.46373646E+01 1.60000000E+01 eastchd
  1 12131 2.46756641E+01 1.60000000E+01 eastchd
  1 12232 2.47219893E+01 1.60000000E+01 eastchd
  1 12239 2.47873725E+01 1.60000000E+01 eastchd
  1 12240 2.48529736E+01 1.60000000E+01 eastchd
  1 12340 2.49043565E+01 1.60000000E+01 eastchd
  1 12341 2.49454296E+01 1.60000000E+01 eastchd
  1 12343 2.49881750E+01 1.60000000E+01 eastchd
  1 12440 2.50240729E+01 1.60000000E+01 eastchd
  1 12441 2.50957871E+01 1.60000000E+01 eastchd
  1 12534 2.51526342E+01 1.60000000E+01 eastchd
  1 12535 2.51931284E+01 1.60000000E+01 eastchd
  1 12625 2.52317625E+01 1.60000000E+01 eastchd
  1 12626 2.52712439E+01 1.60000000E+01 eastchd
  1 12708 2.53063923E+01 1.60000000E+01 eastchd
  1 12783 2.53482946E+01 1.60000000E+01 eastchd
  1 12784 2.53861738E+01 1.60000000E+01 eastchd
  1 12862 2.54241721E+01 1.60000000E+01 eastchd
  1 12934 2.54678862E+01 1.60000000E+01 eastchd
  1 12935 2.55086371E+01 1.60000000E+01 eastchd
  1 12937 2.55500469E+01 1.60000000E+01 eastchd
  1 13007 2.55971984E+01 1.60000000E+01 eastchd
  1 13008 2.56395753E+01 1.60000000E+01 eastchd
  1 13076 2.56821536E+01 1.60000000E+01 eastchd
  1 13135 2.57292304E+01 1.60000000E+01 eastchd
  1 13188 2.57769057E+01 1.60000000E+01 eastchd
  1 13234 2.58233649E+01 1.60000000E+01 eastchd
  1 13274 2.58604997E+01 1.60000000E+01 eastchd
  1 13303 2.58974730E+01 1.60000000E+01 eastchd
  1 13324 2.59375008E+01 1.60000000E+01 eastchd
  1 13341 2.59766544E+01 1.60000000E+01 eastchd
  1 13355 2.60178812E+01 1.60000000E+01 eastchd
  1 13367 2.60590820E+01 1.60000000E+01 eastchd
  1 13379 2.61010864E+01 1.60000000E+01 eastchd
  1 13391 2.61396421E+01 1.60000000E+01 eastchd
  1 13398 2.61726606E+01 1.60000000E+01 eastchd
  1 13402 2.62023753E+01 1.60000000E+01 eastchd
  1 13405 2.62347294E+01 1.60000000E+01 eastchd
  1 13416 2.50507908E+01 1.60000000E+01 eastchd
